-65.25
-51.671180725097656
-44.61552047729492
-39.81534194946289
-36.17274856567383
-33.23651123046875
-30.77667808532715
-28.66002082824707
-26.80240821838379
-25.147287368774414
-23.654823303222656
-22.295886993408203
-21.048532485961914
-19.895822525024414
-18.824398040771484
-17.82354736328125
-16.884546279907227
-16.000192642211914
-15.164472579956055
-14.372318267822266
-13.61940860748291
-12.902039527893066
-12.217005729675293
-11.561516761779785
-10.933131217956543
-10.329694747924805
-9.749302864074707
-9.190258026123047
-8.651047706604004
-8.130311965942383
-7.626824855804443
-7.1394829750061035
-6.6672821044921875
-6.209307670593262
-5.764730453491211
-5.33278751373291
-4.912779808044434
-4.5040669441223145
-4.1060566902160645
-3.718202590942383
-3.339998245239258
-2.970977306365967
-2.610703229904175
-2.2587697505950928
-1.9148017168045044
-1.5784454345703125
-1.2493702173233032
-0.9272695183753967
-0.6118528842926025
-0.30284759402275085
0.0